list( y = c( 2, 3, 1, 5, 4, 1, 3, 1, 2, 3, 2, 3, 0, 7, 1, 4, 1, 5, 1, 1, 5, 3, 
3, 2, 5, 5, 3, 3, 5, 3, 1, 2, 3, 3, 3, 5, 5, 4, 0, 3, 1, 4, 4, 3, 2, 2, 3, 2, 
1, 1, 4, 4, 1, 5, 1, 3, 1, 4, 3, 5, 8, 4, 4, 6, 3, 3, 5, 5, 2, 2, 0, 2, 2, 3, 
4, 1, 4, 3, 1, 2, 2, 3, 3, 3, 1, 2, 1, 7, 3, 3, 3, 2, 0, 4, 3, 1, 4, 3, 3, 5, 
3, 6, 2, 6, 6, 3, 3, 1, 3, 3, 3, 2, 4, 2, 1, 5, 4, 0, 2, 6, 1, 5, 5, 1, 5, 6, 
5, 4, 3, 3, 1, 1, 1, 3, 2, 2, 2, 1, 5, 2, 3, 3, 3, 8, 5, 4, 2, 2, 5, 1, 3, 4, 
4, 5, 0, 5, 4, 2, 3, 5, 2, 1, 5, 2, 1, 3, 3, 3, 1, 2, 2, 2, 5, 3, 2, 1, 5, 4, 
4, 0, 6, 2, 3, 4, 1, 1, 5, 3, 1, 3, 5, 5, 2, 1, 2, 2, 2, 5, 3, 0, 0, 2, 4, 4, 
2, 4, 2, 1, 6, 4, 0, 4, 3, 2, 6, 3, 1, 2, 2, 2, 2, 0, 1, 5, 1, 3, 2, 1, 2, 7, 
1, 3, 5, 5, 5, 0, 1, 5, 4, 3, 2, 2, 3, 7, 0, 2, 0, 3, 5, 2, 3, 1, 3, 4, 3, 3, 
5, 2, 3, 2, 2, 1, 3, 4, 3, 2, 2, 2, 2, 4, 4, 4, 1, 3, 1, 3, 1, 4, 5, 1, 3, 4, 
6, 3, 3, 2, 4, 1, 4, 2, 2, 4, 5, 5, 3, 3, 2, 2, 5, 2) , CJ 
= structure(.Data = c( -0.2039688, -0.206987, -0.2809117, -0.5235465, 
-0.5003178, -0.8541206, -0.91641, -0.3225633, -0.190249, -0.1177368, 0.115607, 
0.05694216, -0.06446761, 0.05460249, 0.3208905, 0.3162662, 0.1763544, 
0.2490468, 0.3043363, 0.2169601, -0.3982512, -0.6330584, -0.9907772, -1.432916, 
-1.451296, -1.66863, -2.188794, -1.255992, -0.636434, -0.3660156, 0.4157789, 
0.9656382, 1.223907, 1.172226, 1.599747, 2.625695, 2.105082, 0.9668069, 
0.6394559, 0.4001938, 0.4210294, 0.6967405, 1.00991, 1.4107, 1.335344, 
1.324821, 1.335471, 0.8517407, 0.5298757, 0.3110088, -0.3137473, -0.6008171, 
-0.9417312, -1.337996, -1.461477, -1.829569, -2.188004, -1.24, -0.6758195, 
-0.3502778, 0.1431857, 0.2667385, 0.5417188, 0.6924073, 0.3115671, 0.0386719, 
-0.01733852, 0.2296621, 0.209265, 0.05536527, -0.3412005, -0.7190175, 
-1.117716, -1.423833, -1.382855, -1.941795, -2.200641, -1.20904, -0.6970649, 
-0.3455703, -0.1197402, -0.1540419, -0.2138845, -0.2692477, -0.3163891, 
-0.699989, -0.9548004, -0.4602314, -0.2057746, -0.04571537, 0.07810579, 
0.1775116, 0.3042093, 0.4128729, 0.3395924, 0.3047735, 0.4277574, 0.6833428, 
0.4264318, -0.1215409, -0.1896274, -0.3217639, -0.6229155, -0.8753075, 
-0.7776078, -0.9100658, -1.124354, -0.6912818, -0.3741107, -0.1850008, 
0.1892568, 0.1528606, 0.168507, 0.4197886, 0.6004871, 0.3616407, 0.2403843, 
0.1989774, 0.1733354, 0.1592755, -0.3998435, -0.7986098, -1.326336, -1.677879, 
-1.549099, -2.120705, -2.738687, -1.457659, -0.8066791, -0.4426619, 0.8719571, 
1.176453, 1.461213, 1.934576, 2.01782, 2.936471, 3.296751, 2.190733, 1.215824, 
0.4772563, -0.4176026, -0.7076244, -1.019661, -1.459832, -1.521088, -1.83582, 
-2.217391, -1.270714, -0.6457373, -0.3141824, 0.4060251, 0.7019645, 0.9234403, 
1.015676, 0.8748091, 1.189841, 1.335007, 0.7841619, 0.513589, 0.3652346, 
-0.3023845, -0.5239721, -0.9066694, -1.234703, -1.223142, -1.882575, -2.179403, 
-1.09111, -0.5394051, -0.3010245, 0.2732598, 0.5201217, 0.7977532, 1.024167, 
1.382027, 2.179129, 2.104567, 1.127584, 0.6726369, 0.3710555, -0.325511, 
-0.538169, -0.8920815, -1.323926, -1.300319, -1.842209, -2.205928, -1.176182, 
-0.6094579, -0.3374455, -0.426201, -0.7771283, -1.136967, -1.562315, -1.558797, 
-1.818826, -2.263762, -1.321582, -0.6945838, -0.3576795, 0.4308782, 0.6412195, 
0.981478, 1.507246, 1.702668, 2.478861, 2.481031, 1.41713, 0.8502173, 
0.4320589, 0.132614, 0.2882251, 0.4339146, 0.5358718, 0.3566506, 0.1268578, 
0.06517847, 0.2553206, 0.3097123, 0.1871028, -0.05244042, 0.09690898, 
0.1939703, 0.4619301, 0.3891296, 0.1054913, 0.2232479, 0.2192002, 0.2293844, 
0.163674, -0.2089067, -0.3439632, -0.4735235, -0.5282018, -0.628614, 
-0.9142465, -0.8018276, -0.313105, -0.2317376, -0.1622888, 0.734275, 0.8331995, 
1.152696, 1.837697, 1.602786, 1.868453, 2.056384, 0.9619757, 0.5155656, 
0.3616263, 0.1584632, 0.4450298, 0.7125699, 1.072639, 1.355961, 1.798489, 
1.884753, 0.9249777, 0.451894, -0.01122997, 0.09919534, 0.1975066, 0.3632152, 
0.4169412, 0.3989422, 0.5292782, 0.2709808, 0.07530843, 0.1439667, 0.1382858, 
0.1505973, 0.3687113, 0.5681169, 0.5083653, 0.3989076, 0.3035944, 0.2896667, 
0.3104338, 0.3063301, 0.2440207, 0.3987797, 0.6551836, 1.225454, 1.757113, 
1.187959, 1.624633, 2.221066, 1.096311, 0.5559463, 0.3143362, 0.02803419, 
0.008349838, -0.1236327, -0.217069, -0.1823499, -0.1256057, -0.003399154, 
-0.04840895, 0.02734885, 0.07813986, -0.342569, -0.67797, -1.107916, -1.624113, 
-1.64081, -1.92596, -2.232282, -1.246325, -0.706435, -0.4067014, -0.2997041, 
-0.5138104, -0.6591673, -0.7312618, -0.9326594, -1.01833, -0.9936703, 
-0.691833, -0.4883255, -0.2426462, 0.02024423, 0.04811058, 0.1032897, 0.259801, 
0.2984627, 0.1630618, 0.1765556, 0.1023505, 0.03829472, 0.04199908, 
-0.01412231, 0.2098308, 0.5869272, 0.831427, 0.5317881, 0.2683612, 0.1553953, 
0.1817632, 0.1893643, 0.1857517, 0.1145895, 0.1227991, 0.07121041, 0.1235964, 
0.213913, 0.2964105, 0.3021427, 0.1559945, 0.1298583, 0.08276947, 0.2960743, 
0.6137513, 1.051404, 1.511295, 1.622359, 2.070117, 2.347219, 1.264737, 
0.8254548, 0.4499691, 0.2925242, 0.5796119, 0.9311495, 1.242605, 1.28774, 
1.814697, 1.847528, 0.8147244, 0.4932183, -0.04060465, 0.2185339, 0.502411, 
0.7927705, 1.004275, 1.028651, 1.22251, 1.414498, 1.03396, 0.5494466, 
0.2305121, -0.482343, -0.8235448, -1.265991, -1.670686, -1.709264, -2.385036, 
-2.788196, -1.456404, -0.8218167, -0.4287036, 0.02694159, -0.0722649, 
-0.1218358, -0.05985038, 0.05813948, -0.03285549, 0.04487234, 0.03305768, 
-0.08314333, -0.1001899, -0.3749117, -0.6861844, -0.9605263, -1.380911, 
-1.56752, -1.99098, -2.207059, -1.168492, -0.5951131, -0.3053621, 0.3850138, 
0.6397592, 0.9630153, 1.143672, 1.165854, 1.596235, 1.678323, 0.967466, 
0.5053018, 0.3218121, 0.1385339, 0.4081874, 0.8029472, 1.050247, 1.013993, 
1.290731, 1.517969, 1.018975, 0.4875732, 0.05907667, 0.04135926, -0.08981131, 
0.01087141, 0.06318975, -0.01170391, -0.03348205, -0.04517457, -0.09050234, 
-0.08545823, -0.01593711, -0.1062837, -0.2424822, -0.3785589, -0.5605052, 
-0.6258604, -0.8551885, -0.8955076, -0.4103866, -0.1979941, -0.1032453, 
-0.1776228, -0.3101016, -0.5405465, -0.8098767, -0.8623642, -1.07742, 
-0.9997547, -0.5601115, -0.3668834, -0.2117128, 0.1563228, 0.3971314, 
0.7381877, 0.6973024, 0.5338651, 0.42051, 0.3458798, 0.3564343, 0.2482776, 
0.08000107, -0.2944796, -0.480741, -0.7140633, -0.8553088, -0.6331125, 
-0.8074217, -0.8191411, -0.5674047, -0.4054735, -0.1852847, -0.3396187, 
-0.6200223, -0.9209431, -1.241267, -1.326264, -1.835802, -2.192846, -1.192236, 
-0.6181852, -0.3230559, -0.3580313, -0.811764, -1.277318, -1.632481, -1.562261, 
-2.0338, -2.342428, -1.357296, -0.7741619, -0.425644, 0.2709569, 0.5642781, 
0.7185169, 0.9496514, 1.100242, 1.122394, 1.257272, 0.8518316, 0.6315935, 
0.3509286, 0.1678612, 0.336526, 0.4011451, 0.3902952, 0.3174876, 0.7490196, 
1.18124, 0.5869055, 0.2311185, 0.08433331, -0.2901433, -0.6175525, -0.9853904, 
-1.235014, -1.365553, -1.81553, -2.091933, -1.199831, -0.6817223, -0.3317125, 
0.4929913, 0.6819617, 0.9808568, 1.439132, 1.712431, 2.26496, 2.189096, 
1.195532, 0.6322366, 0.2652859, -0.2783578, -0.4964498, -0.8843736, -1.20826, 
-1.183127, -1.768829, -2.172207, -1.130456, -0.5537261, -0.2864756, 0.07407648, 
0.121933, 0.2282501, 0.2322966, 0.0893743, 0.2759082, 0.3999964, 0.2434496, 
0.08562492, 0.1088162, -0.4222128, -0.8179942, -1.14828, -1.476413, -1.680909, 
-2.117626, -2.2757, -1.355299, -0.7685608, -0.3851355, 0.2128518, 0.428793, 
0.6975741, 0.9089843, 0.8827043, 1.204391, 1.476154, 0.9139554, 0.5019559, 
0.2354353, 0.02130701, -0.06106149, -0.2473405, -0.207348, -0.02432809, 
0.01853055, 0.1904539, 0.1195248, 0.0138197, 0.04415338, 0.2927359, 0.6454951, 
1.127577, 1.352199, 1.490438, 1.837436, 2.316407, 1.224638, 0.5295481, 
0.2862562, 0.3998578, 0.9436154, 1.585621, 2.16152, 2.30244, 3.205856, 
3.162858, 2.177004, 1.17017, 0.4470776, 0.3005371, 0.6319227, 0.7812482, 
